1.000000   1
1.000000   3
1.000000   6
1.000000   6
1.000000   7
1.000000   5
1.000000   6
1.000000   7
1.000000   5
1.000000   6
0.000000   7
1.000000   6
1.000000   4
1.000000   8
1.000000   7
0.000000   4
1.000000   5
0.000000   5
0.000000   5
1.000000   8
1.000000   7
1.000000   5
1.000000   5
1.000000   5
1.000000   6
1.000000   6
1.000000   4
1.000000   5
0.798737   5
1.000000   8
0.000000   6
0.000000   7
0.000000   5
0.000000   5
0.000000   6
1.000000   5
0.968005   3
1.000000   3
0.000000   3
0.000000   3
0.427446   5
1.000000   8
0.000000   3
1.000000   5
0.750686   8
0.000000   3
1.000000   3
0.781126   3
1.000000   7
1.000000   7
0.000000   4
1.000000   7
1.000000   6
1.000000   6
1.000000   7
1.000000   4
1.000000   3
1.000000   3
1.000000   3
1.000000   3
1.000000   3
1.000000   3
1.000000   3
1.000000   3
1.000000   3
0.855265   5
1.000000   5
0.000000   4
1.000000   5
0.000000   5
0.000000   4
0.000000   4
1.000000   3
1.000000   3
0.000000   3
0.000000   3
1.000000   3
0.000000   3
1.000000   3
1.000000   3
1.000000   5
1.000000   5
0.000000   4
1.000000   3
1.000000   3
1.000000   3
1.000000   3
1.000000   3
1.000000   3
1.000000   5
1.000000   3
0.980674   7
1.000000   5
1.000000   5
1.000000   2
1.000000   5
1.000000   6
1.000000   5
1.000000   6
1.000000   6
1.000000   8
0.000000   6
1.000000   8
1.000000   7
1.000000   6
1.000000   4
1.000000   4
1.000000   5
1.000000   4
1.000000   5
1.000000   5
0.503746   8
0.000000   2
0.000000   2
1.000000   2
1.000000   2
1.000000   2
0.000000   2
0.971908   5
1.000000   2
1.000000   2
0.000000   2
1.000000   2
1.000000   2
1.000000   2
1.000000   2
1.000000   2
1.000000   2
1.000000   2
1.000000   2
1.000000   2
1.000000   2
1.000000   2
1.000000   2
1.000000   2
1.000000   2
1.000000   2
1.000000   2
1.000000   2
1.000000   3
1.000000   7
1.000000   6
1.000000   3
1.000000   3
1.000000   7
1.000000   6
1.000000   3
1.000000   5
1.000000   3
0.000000   3
1.000000   3
1.000000   6
1.000000   2
1.000000   2
1.000000   7
0.000000   2
1.000000   2
1.000000   2
1.000000   5
1.000000   2
1.000000   2
1.000000   3
1.000000   2
1.000000   3
1.000000   2
1.000000   2
1.000000   2
1.000000   2
1.000000   2
1.000000   2
1.000000   3
0.726706   3
1.000000   2
1.000000   4
1.000000   4
1.000000   4
1.000000   3
1.000000   3
1.000000   3
1.000000   4
1.000000   8
1.000000   4
1.000000   3
1.000000   3
1.000000   3
1.000000   7
1.000000   2
1.000000   2
1.000000   2
0.000000   2
1.000000   2
1.000000   2
1.000000   2
1.000000   7
1.000000   2
1.000000   2
1.000000   2
1.000000   3
1.000000   3
1.000000   2
1.000000   2
1.000000   3
1.000000   3
1.000000   2
1.000000   2
1.000000   2
1.000000   3
1.000000   3
1.000000   5
1.000000   2
1.000000   5
1.000000   2
1.000000   3
1.000000   2
1.000000   2
1.000000   5
1.000000   2
1.000000   4
1.000000   2
1.000000   2
1.000000   2
1.000000   2
1.000000   7
0.997010   6
1.000000   5
1.000000   7
1.000000   7
1.000000   6
1.000000   5
1.000000   6
0.000000   5
1.000000   6
0.000000   7
0.000000   6
0.000000   6
1.000000   8
1.000000   7
0.000000   4
1.000000   6
0.000000   4
1.000000   6
0.765340   5
0.000000   5
0.000000   5
0.000000   4
1.000000   7
1.000000   5
0.000000   4
1.000000   6
0.000000   5
1.000000   6
1.000000   5
1.000000   5
1.000000   7
0.000000   6
1.000000   7
1.000000   8
1.000000   5
1.000000   7
0.000000   5
0.826263   7
1.000000   8
0.000000   3
1.000000   7
0.000000   3
1.000000   7
0.000000   3
1.000000   7
1.000000   5
0.000000   3
0.000000   3
0.000000   3
0.720498   7
1.000000   7
1.000000   7
0.000000   4
1.000000   7
1.000000   6
1.000000   4
1.000000   3
1.000000   3
1.000000   7
1.000000   3
0.907256   6
1.000000   3
1.000000   3
0.874024   7
1.000000   5
0.000000   4
1.000000   5
0.000000   5
0.000000   4
0.000000   4
1.000000   3
1.000000   3
1.000000   3
1.000000   3
1.000000   3
1.000000   3
1.000000   3
1.000000   5
1.000000   4
0.000000   5
1.000000   4
1.000000   3
0.000000   3
0.000000   3
0.826263   4
1.000000   4
1.000000   4
1.000000   3
0.801824   7
0.725767   3
0.970686   6
0.676924   7
0.938758   3
1.000000   1
1.000000   8
0.000000   1
1.000000   1
1.000000   1
1.000000   1
1.000000   5
1.000000   1
1.000000   1
1.000000   1
1.000000   1
1.000000   1
1.000000   1
1.000000   1
1.000000   1
1.000000   1
1.000000   1
1.000000   1
1.000000   1
1.000000   1
1.000000   8
1.000000   1
1.000000   1
1.000000   7
1.000000   1
1.000000   1
1.000000   1
1.000000   1
1.000000   1
0.000000   1
1.000000   6
1.000000   1
1.000000   1
0.000000   1
1.000000   1
1.000000   1
1.000000   1
1.000000   3
1.000000   1
1.000000   1
1.000000   1
1.000000   1
1.000000   1
1.000000   1
0.785656   1
1.000000   6
1.000000   6
1.000000   1
1.000000   1
1.000000   1
1.000000   1
0.000000   1
1.000000   1
1.000000   1
1.000000   1
1.000000   1
1.000000   1
0.000000   1
1.000000   1
1.000000   1
0.637611   3
1.000000   1
1.000000   1
1.000000   8
1.000000   1
1.000000   1
1.000000   1
1.000000   1
1.000000   1
1.000000   1
1.000000   1
1.000000   1
1.000000   1
1.000000   1
1.000000   1
0.629868   1
1.000000   3
1.000000   1
1.000000   1
1.000000   1
1.000000   1
1.000000   3
1.000000   5
1.000000   6
1.000000   8
1.000000   7
1.000000   8
1.000000   6
1.000000   7
1.000000   6
0.870723   8
0.000000   2
0.000000   2
0.827859   6
0.000000   2
0.957665   7
1.000000   2
1.000000   2
1.000000   7
1.000000   7
1.000000   2
0.000000   2
1.000000   6
1.000000   2
1.000000   2
1.000000   2
1.000000   2
1.000000   2
1.000000   2
1.000000   2
1.000000   2
1.000000   2
1.000000   7
1.000000   2
0.000000   2
1.000000   5
1.000000   6
1.000000   4
1.000000   5
1.000000   6
1.000000   5
1.000000   4
1.000000   7
1.000000   6
1.000000   1
1.000000   8
1.000000   1
1.000000   8
1.000000   7
1.000000   6
0.842282   7
0.000000   1
0.000000   1
1.000000   6
1.000000   1
1.000000   6
1.000000   6
1.000000   1
1.000000   1
1.000000   1
1.000000   1
1.000000   1
1.000000   1
1.000000   1
1.000000   1
1.000000   1
1.000000   1
0.000000   1
1.000000   5
1.000000   1
1.000000   4
1.000000   1
1.000000   1
1.000000   1
1.000000   1
1.000000   1
1.000000   1
1.000000   1
1.000000   1
1.000000   1
1.000000   4
1.000000   5
1.000000   5
1.000000   1
1.000000   1
1.000000   1
1.000000   8
1.000000   1
1.000000   2
1.000000   1
1.000000   1
1.000000   1
1.000000   1
0.867817   2
1.000000   1
1.000000   5
1.000000   1
0.847336   1
0.000000   1
0.000000   1
1.000000   1
1.000000   1
1.000000   6
1.000000   1
1.000000   1
1.000000   1
1.000000   1
1.000000   7
1.000000   6
1.000000   5
0.635994   2
0.987734   1
1.000000   1
1.000000   1
1.000000   2
0.948209   5
1.000000   5
1.000000   1
1.000000   1
1.000000   1
1.000000   2
1.000000   6
1.000000   6
1.000000   8
1.000000   7
1.000000   2
1.000000   6
1.000000   7
1.000000   2
0.000000   2
0.912170   6
0.000000   2
1.000000   7
1.000000   5
0.000000   2
1.000000   5
0.000000   2
1.000000   5
1.000000   3
1.000000   3
1.000000   3
1.000000   8
1.000000   7
1.000000   2
1.000000   2
1.000000   8
1.000000   2
1.000000   2
1.000000   5
1.000000   5
1.000000   3
1.000000   7
1.000000   6
1.000000   6
1.000000   6
1.000000   8
1.000000   7
1.000000   6
1.000000   1
1.000000   8
0.000000   1
1.000000   1
1.000000   8
0.000000   1
0.567272   7
1.000000   5
0.000000   1
1.000000   5
0.000000   1
1.000000   5
1.000000   3
1.000000   3
1.000000   3
1.000000   3
1.000000   5
0.000000   1
1.000000   3
1.000000   3
1.000000   8
1.000000   6
1.000000   5
1.000000   3
1.000000   5
1.000000   5
1.000000   2
1.000000   1
0.000000   1
1.000000   2
0.000000   1
0.000000   1
0.000000   1
0.974058   5
0.857954   7
0.650317   8
1.000000   5
1.000000   2
1.000000   1
0.985390   8
1.000000   3
1.000000   3
1.000000   8
0.578306   3
1.000000   2
0.958950   1
1.000000   5
1.000000   1
1.000000   2
0.723387   2
1.000000   1
0.992661   8
0.968741   1
0.640199   1
0.994535   3
1.000000   3
1.000000   4
1.000000   2
1.000000   2
0.000000   2
1.000000   4
1.000000   3
1.000000   3
1.000000   2
1.000000   2
0.000000   2
1.000000   2
1.000000   3
1.000000   8
1.000000   2
1.000000   4
1.000000   3
1.000000   7
1.000000   6
1.000000   3
1.000000   4
1.000000   1
1.000000   1
0.000000   1
1.000000   4
1.000000   3
1.000000   3
1.000000   3
1.000000   3
1.000000   1
1.000000   1
1.000000   3
1.000000   1
1.000000   1
1.000000   1
1.000000   3
1.000000   1
1.000000   1
1.000000   1
1.000000   1
0.000000   1
0.974058   4
1.000000   2
1.000000   1
1.000000   1
0.644407   7
1.000000   4
1.000000   2
1.000000   1
1.000000   1
1.000000   1
1.000000   3
1.000000   1
1.000000   1
1.000000   1
1.000000   3
1.000000   2
1.000000   2
1.000000   4
1.000000   5
1.000000   3
1.000000   3
1.000000   3
0.453093   5
1.000000   3
1.000000   3
1.000000   4
1.000000   3
1.000000   5
1.000000   1
1.000000   3
1.000000   1
0.597609   4
0.954406   3
0.773483   4
1.000000   3
0.994890   5
1.000000   1
0.755320   2
1.000000   1
0.678069   2
0.579876   2
0.677724   5
1.000000   1
1.000000   3
1.000000   2
1.000000   2
1.000000   2
1.000000   1
1.000000   2
1.000000   1
1.000000   3
1.000000   3
1.000000   4
0.935796   3
1.000000   4
1.000000   5
1.000000   4
1.000000   5
1.000000   1
1.000000   3
1.000000   1
1.000000   2
1.000000   1
1.000000   2
1.000000   1
1.000000   1
1.000000   1
1.000000   3
1.000000   1
1.000000   2
1.000000   1
1.000000   4
1.000000   3
1.000000   4
0.987280   2
1.000000   7
1.000000   5
1.000000   5
1.000000   3
0.997190   7
1.000000   5
1.000000   7
1.000000   8
1.000000   5
1.000000   7
1.000000   7
1.000000   7
0.000000   6
1.000000   4
1.000000   7
0.000000   4
1.000000   5
0.000000   5
1.000000   7
1.000000   8
1.000000   7
1.000000   4
1.000000   5
0.964203   8
0.000000   5
0.000000   4
1.000000   7
0.798635   6
0.000000   7
0.000000   6
0.000000   6
1.000000   7
0.000000   5
1.000000   7
1.000000   6
0.000000   5
1.000000   6
1.000000   7
0.000000   3
1.000000   3
0.792302   7
0.000000   3
0.000000   3
1.000000   3
0.000000   3
0.000000   3
0.000000   3
1.000000   7
1.000000   8
1.000000   8
1.000000   8
0.000000   4
1.000000   8
1.000000   8
0.000000   4
1.000000   6
1.000000   7
1.000000   6
1.000000   3
0.000000   3
1.000000   3
1.000000   3
1.000000   3
1.000000   3
1.000000   8
0.000000   3
0.573893   3
0.946663   8
0.000000   5
1.000000   4
1.000000   4
1.000000   5
0.000000   4
1.000000   5
0.826076   5
0.000000   3
0.000000   3
0.000000   3
0.982529   7
0.000000   3
0.902048   5
0.781370   7
0.989486   8
1.000000   5
0.000000   4
1.000000   5
1.000000   3
1.000000   3
1.000000   3
1.000000   3
1.000000   3
1.000000   3
1.000000   5
1.000000   3
0.981455   3
1.000000   3
1.000000   5
1.000000   8
1.000000   7
0.000000   7
1.000000   6
1.000000   5
1.000000   8
1.000000   6
1.000000   7
1.000000   6
0.000000   7
0.000000   6
0.000000   6
1.000000   8
1.000000   7
1.000000   8
1.000000   6
1.000000   7
1.000000   6
0.743199   7
1.000000   5
1.000000   5
1.000000   4
1.000000   4
0.000000   4
0.000000   4
1.000000   5
1.000000   5
1.000000   4
1.000000   5
1.000000   5
0.728428   7
0.000000   2
1.000000   7
0.000000   2
1.000000   6
0.505238   2
1.000000   2
1.000000   2
0.000000   2
0.526842   5
1.000000   2
0.000000   2
0.931759   6
1.000000   6
1.000000   2
1.000000   8
0.000000   2
1.000000   7
0.614943   7
0.000000   2
0.000000   2
1.000000   2
1.000000   2
1.000000   2
1.000000   2
1.000000   2
1.000000   2
1.000000   2
1.000000   2
1.000000   8
1.000000   2
1.000000   2
1.000000   2
1.000000   2
1.000000   2
1.000000   8
1.000000   6
1.000000   5
1.000000   2
1.000000   7
1.000000   6
1.000000   2
1.000000   7
1.000000   8
0.000000   6
1.000000   7
1.000000   8
1.000000   6
1.000000   3
1.000000   3
1.000000   5
1.000000   3
0.000000   3
1.000000   6
1.000000   8
1.000000   8
0.000000   2
1.000000   2
1.000000   2
1.000000   2
1.000000   5
1.000000   5
1.000000   3
1.000000   3
1.000000   3
1.000000   2
1.000000   2
1.000000   2
1.000000   2
1.000000   2
1.000000   3
0.967328   6
1.000000   2
1.000000   2
1.000000   7
1.000000   3
1.000000   4
1.000000   4
1.000000   3
1.000000   3
0.000000   3
1.000000   3
1.000000   3
1.000000   4
1.000000   3
0.000000   3
0.963134   6
1.000000   2
1.000000   2
1.000000   2
1.000000   4
1.000000   2
1.000000   2
1.000000   2
1.000000   4
1.000000   3
1.000000   3
0.764495   2
0.000000   2
1.000000   7
0.769357   2
1.000000   7
1.000000   8
1.000000   4
1.000000   7
1.000000   2
1.000000   3
1.000000   3
1.000000   3
1.000000   2
1.000000   2
1.000000   2
1.000000   2
1.000000   2
1.000000   2
1.000000   3
1.000000   3
1.000000   5
1.000000   3
1.000000   2
1.000000   2
1.000000   2
0.675435   2
1.000000   3
1.000000   5
0.976616   8
1.000000   8
0.000000   0
1.000000   7
0.000000   0
1.000000   5
1.000000   0
1.000000   0
1.000000   5
0.000000   0
0.666400   5
1.000000   0
1.000000   5
1.000000   6
1.000000   0
0.000000   0
1.000000   6
1.000000   4
1.000000   4
1.000000   0
1.000000   0
1.000000   0
1.000000   0
1.000000   0
1.000000   0
1.000000   0
1.000000   0
1.000000   0
1.000000   0
1.000000   0
1.000000   0
1.000000   0
1.000000   0
1.000000   4
1.000000   5
1.000000   0
1.000000   0
1.000000   7
0.689186   0
1.000000   0
1.000000   6
1.000000   7
0.000000   0
1.000000   6
1.000000   0
1.000000   0
1.000000   0
1.000000   5
1.000000   7
1.000000   3
1.000000   3
1.000000   6
1.000000   3
1.000000   0
1.000000   0
1.000000   0
1.000000   0
0.881807   5
1.000000   3
1.000000   0
1.000000   0
1.000000   6
1.000000   0
1.000000   0
1.000000   0
0.000000   0
1.000000   0
1.000000   8
1.000000   0
0.000000   0
0.683379   6
0.726062   8
0.000000   0
0.000000   0
0.764495   0
0.892922   0
1.000000   8
1.000000   7
1.000000   8
1.000000   6
1.000000   0
1.000000   3
1.000000   5
1.000000   0
1.000000   0
1.000000   0
1.000000   0
1.000000   0
1.000000   0
1.000000   5
0.679888   3
1.000000   3
1.000000   0
1.000000   0
1.000000   0
1.000000   5
1.000000   5
1.000000   6
1.000000   6
1.000000   8
1.000000   0
1.000000   7
1.000000   6
1.000000   7
1.000000   0
0.000000   0
0.673181   8
0.000000   0
1.000000   7
1.000000   0
1.000000   7
1.000000   0
1.000000   0
1.000000   0
1.000000   0
1.000000   8
0.000000   0
1.000000   7
1.000000   5
0.000000   0
1.000000   5
0.000000   0
1.000000   4
1.000000   4
1.000000   8
1.000000   7
1.000000   0
1.000000   0
1.000000   0
1.000000   0
1.000000   0
1.000000   0
1.000000   0
1.000000   4
1.000000   0
1.000000   6
1.000000   0
1.000000   0
1.000000   0
1.000000   0
1.000000   2
1.000000   2
1.000000   5
0.778026   0
1.000000   0
1.000000   8
1.000000   2
1.000000   0
1.000000   7
1.000000   6
1.000000   0
1.000000   0
0.000000   0
0.954746   6
0.000000   0
1.000000   7
1.000000   8
1.000000   7
1.000000   4
1.000000   4
1.000000   0
1.000000   2
1.000000   7
0.722478   0
1.000000   0
1.000000   0
1.000000   2
1.000000   0
1.000000   0
1.000000   2
0.982365   0
1.000000   2
0.722819   2
1.000000   5
1.000000   7
1.000000   6
1.000000   8
1.000000   7
1.000000   8
1.000000   6
1.000000   7
1.000000   6
0.894752   7
0.000000   0
0.000000   0
0.729248   6
0.000000   0
0.803662   6
1.000000   5
1.000000   0
1.000000   0
0.000000   0
1.000000   5
1.000000   3
1.000000   3
1.000000   8
1.000000   7
1.000000   5
0.000000   0
1.000000   5
1.000000   0
1.000000   3
1.000000   3
1.000000   0
1.000000   5
1.000000   3
1.000000   7
1.000000   6
0.986369   7
1.000000   2
1.000000   2
0.000000   0
0.666400   2
0.000000   0
1.000000   2
0.683530   7
1.000000   0
0.000000   0
0.599935   8
1.000000   7
0.728428   0
1.000000   2
1.000000   2
1.000000   5
0.976616   2
1.000000   7
0.599935   6
0.997737   3
0.954746   3
1.000000   7
1.000000   3
1.000000   0
1.000000   7
0.894943   3
0.978662   5
0.999846   2
1.000000   2
0.715647   0
0.000000   2
0.852406   5
0.638629   2
0.000000   0
0.989687   0
1.000000   8
1.000000   4
0.000000   0
1.000000   4
1.000000   0
1.000000   0
1.000000   3
1.000000   3
1.000000   8
1.000000   7
1.000000   4
1.000000   0
1.000000   0
1.000000   0
1.000000   0
1.000000   3
1.000000   0
1.000000   0
1.000000   0
1.000000   6
1.000000   2
1.000000   0
1.000000   2
1.000000   0
1.000000   2
0.969136   8
1.000000   0
1.000000   4
1.000000   2
1.000000   0
1.000000   7
1.000000   6
1.000000   0
1.000000   2
1.000000   3
1.000000   2
1.000000   0
1.000000   2
1.000000   2
0.903247   0
1.000000   0
1.000000   2
1.000000   2
1.000000   3
1.000000   4
0.659277   3
1.000000   4
1.000000   3
1.000000   5
1.000000   5
0.871196   3
1.000000   3
1.000000   7
1.000000   2
1.000000   0
1.000000   0
1.000000   0
0.741750   0
1.000000   0
1.000000   2
1.000000   2
1.000000   2
1.000000   2
1.000000   2
1.000000   0
1.000000   2
1.000000   8
1.000000   2
1.000000   3
1.000000   5
1.000000   0
1.000000   3
1.000000   3
1.000000   2
1.000000   0
1.000000   2
1.000000   0
0.998721   0
1.000000   0
1.000000   3
1.000000   0
1.000000   0
1.000000   3
1.000000   2
1.000000   5
1.000000   0
1.000000   3
1.000000   3
1.000000   0
1.000000   6
1.000000   3
1.000000   8
1.000000   5
1.000000   8
1.000000   7
1.000000   8
1.000000   7
1.000000   5
1.000000   5
1.000000   6
0.000000   7
1.000000   6
1.000000   4
1.000000   8
1.000000   7
1.000000   6
1.000000   5
1.000000   5
1.000000   5
1.000000   4
1.000000   4
1.000000   5
1.000000   5
1.000000   4
1.000000   5
1.000000   4
1.000000   4
1.000000   4
1.000000   6
1.000000   1
0.000000   1
0.847746   5
1.000000   1
1.000000   1
0.000000   1
1.000000   1
1.000000   1
1.000000   1
1.000000   1
1.000000   1
1.000000   8
0.000000   1
1.000000   1
1.000000   1
1.000000   1
1.000000   1
1.000000   1
1.000000   8
0.000000   1
1.000000   1
1.000000   1
1.000000   1
1.000000   1
1.000000   1
1.000000   1
1.000000   1
1.000000   4
1.000000   1
1.000000   1
1.000000   1
1.000000   1
1.000000   6
1.000000   5
1.000000   1
1.000000   1
1.000000   1
1.000000   1
1.000000   3
1.000000   8
1.000000   8
1.000000   3
1.000000   3
1.000000   5
1.000000   3
0.000000   3
1.000000   5
1.000000   1
1.000000   1
1.000000   1
1.000000   1
1.000000   5
1.000000   1
0.000000   1
1.000000   1
1.000000   1
1.000000   1
1.000000   8
0.941395   7
1.000000   1
1.000000   1
1.000000   1
1.000000   1
1.000000   3
1.000000   7
1.000000   4
1.000000   3
1.000000   3
1.000000   3
1.000000   4
1.000000   1
1.000000   1
1.000000   1
1.000000   3
1.000000   1
1.000000   1
1.000000   1
1.000000   1
1.000000   1
1.000000   7
1.000000   3
1.000000   3
1.000000   1
1.000000   1
1.000000   1
1.000000   1
1.000000   1
1.000000   1
1.000000   1
1.000000   1
1.000000   1
1.000000   3
1.000000   1
1.000000   1
1.000000   1
0.960009   4
1.000000   1
1.000000   0
0.726819   0
1.000000   0
0.000000   0
0.000000   0
1.000000   5
1.000000   0
1.000000   0
1.000000   5
1.000000   0
1.000000   0
1.000000   0
1.000000   0
1.000000   0
0.000000   0
1.000000   7
1.000000   0
1.000000   0
1.000000   0
1.000000   0
1.000000   0
1.000000   8
0.000000   0
1.000000   0
1.000000   0
1.000000   0
1.000000   0
1.000000   0
1.000000   0
1.000000   0
1.000000   7
1.000000   0
1.000000   0
1.000000   0
1.000000   0
1.000000   5
1.000000   5
1.000000   0
1.000000   0
1.000000   0
1.000000   5
1.000000   0
0.000000   0
1.000000   0
1.000000   0
1.000000   0
1.000000   5
1.000000   5
1.000000   0
1.000000   3
1.000000   0
1.000000   0
1.000000   0
0.667248   3
1.000000   3
1.000000   0
1.000000   0
1.000000   0
1.000000   0
1.000000   3
1.000000   7
1.000000   0
1.000000   0
1.000000   0
0.566306   0
0.000000   0
1.000000   0
1.000000   0
1.000000   0
1.000000   0
1.000000   0
1.000000   0
1.000000   0
1.000000   0
1.000000   0
1.000000   0
1.000000   0
1.000000   0
1.000000   0
1.000000   3
1.000000   0
1.000000   0
1.000000   0
1.000000   0
1.000000   4
1.000000   0
1.000000   5
1.000000   6
1.000000   1
1.000000   0
0.846847   1
0.000000   0
1.000000   5
1.000000   1
1.000000   0
1.000000   1
1.000000   0
1.000000   0
1.000000   0
1.000000   7
0.000000   0
1.000000   1
1.000000   4
1.000000   4
1.000000   0
0.817626   0
1.000000   0
0.610240   1
1.000000   0
1.000000   0
1.000000   0
1.000000   1
1.000000   1
1.000000   5
1.000000   1
1.000000   1
1.000000   1
1.000000   1
0.998657   5
1.000000   8
0.000000   0
1.000000   1
1.000000   8
0.000000   0
0.919205   0
1.000000   0
0.000000   0
0.488545   0
1.000000   0
0.847864   0
0.000000   0
0.750756   5
1.000000   6
0.000000   1
1.000000   5
1.000000   5
1.000000   0
1.000000   1
1.000000   3
0.611084   3
0.712685   6
0.972997   5
1.000000   1
0.824438   1
0.997293   3
0.885410   1
0.960616   1
0.756276   0
1.000000   1
1.000000   0
1.000000   1
0.625968   7
1.000000   1
1.000000   0
1.000000   8
1.000000   7
1.000000   1
1.000000   8
1.000000   1
1.000000   0
1.000000   4
1.000000   0
1.000000   1
1.000000   3
1.000000   1
1.000000   0
1.000000   0
1.000000   1
1.000000   0
1.000000   0
1.000000   3
0.920349   1
1.000000   7
1.000000   7
1.000000   1
1.000000   0
1.000000   0
1.000000   0
0.952200   1
1.000000   0
0.970039   3
1.000000   1
1.000000   3
0.433813   0
1.000000   5
1.000000   1
0.712685   4
1.000000   3
1.000000   1
1.000000   6
1.000000   0
0.967247   0
1.000000   5
1.000000   0
1.000000   0
1.000000   0
1.000000   1
1.000000   0
1.000000   0
1.000000   0
1.000000   1
0.998226   1
1.000000   1
1.000000   1
1.000000   7
1.000000   6
1.000000   5
1.000000   8
1.000000   7
1.000000   5
1.000000   5
1.000000   8
0.000000   2
0.000000   2
1.000000   7
0.945835   8
0.000000   1
0.000000   1
0.000000   1
0.000000   1
1.000000   6
1.000000   6
1.000000   5
1.000000   6
1.000000   1
1.000000   1
1.000000   1
1.000000   6
1.000000   2
0.967305   2
1.000000   5
1.000000   2
1.000000   1
1.000000   1
1.000000   1
1.000000   1
1.000000   6
0.607223   8
0.000000   2
0.000000   2
0.000000   2
0.000000   2
1.000000   6
1.000000   6
1.000000   4
1.000000   6
0.942453   7
0.000000   1
0.000000   1
0.000000   1
0.000000   1
0.734246   8
0.000000   1
0.000000   1
0.739062   6
0.000000   1
0.000000   1
0.632878   1
1.000000   1
1.000000   6
1.000000   8
1.000000   4
1.000000   8
1.000000   6
1.000000   7
1.000000   6
0.965467   5
1.000000   5
1.000000   5
0.874488   4
0.897835   5
1.000000   5
1.000000   5
1.000000   4
1.000000   1
0.711972   1
0.496557   5
1.000000   1
1.000000   4
1.000000   5
1.000000   1
1.000000   2
0.832432   2
1.000000   1
1.000000   0
1.000000   7
0.000000   0
1.000000   7
1.000000   5
0.000000   0
1.000000   6
1.000000   6
1.000000   5
1.000000   7
1.000000   0
1.000000   0
1.000000   0
0.884455   8
1.000000   2
1.000000   2
1.000000   2
1.000000   2
1.000000   0
1.000000   2
1.000000   0
1.000000   0
1.000000   8
1.000000   8
1.000000   8
0.000000   0
0.000000   0
1.000000   4
1.000000   8
0.000000   0
0.000000   0
0.978095   7
0.720436   2
1.000000   2
0.966954   6
1.000000   0
0.614229   6
1.000000   8
1.000000   0
1.000000   8
1.000000   6
1.000000   2
1.000000   2
1.000000   2
1.000000   4
1.000000   5
1.000000   5
1.000000   5
1.000000   4
1.000000   0
1.000000   5
1.000000   4
1.000000   0
1.000000   5
1.000000   0
1.000000   2
0.760547   5
1.000000   0
1.000000   1
0.719519   7
1.000000   1
1.000000   6
1.000000   0
1.000000   1
1.000000   1
1.000000   0
1.000000   1
1.000000   1
1.000000   7
1.000000   6
1.000000   6
1.000000   8
0.000000   0
1.000000   1
0.638797   8
0.000000   0
1.000000   8
1.000000   7
1.000000   8
1.000000   6
1.000000   1
1.000000   1
1.000000   4
1.000000   5
1.000000   5
1.000000   4
1.000000   1
1.000000   5
0.801028   1
1.000000   5
1.000000   5
1.000000   0
1.000000   5
1.000000   5
0.842460   6
0.966954   1
1.000000   0
0.689753   8
0.994526   0
1.000000   2
0.939961   1
1.000000   2
1.000000   0
1.000000   0
0.920517   5
1.000000   1
0.995851   1
1.000000   0
0.720318   0
0.987714   0
0.999040   1
1.000000   0
1.000000   1
1.000000   8
1.000000   1
1.000000   0
1.000000   0
1.000000   4
1.000000   2
1.000000   1
1.000000   2
1.000000   2
1.000000   1
1.000000   0
1.000000   0
1.000000   0
1.000000   2
1.000000   0
1.000000   0
1.000000   2
1.000000   2
1.000000   0
1.000000   0
1.000000   0
1.000000   0
1.000000   8
1.000000   1
1.000000   0
1.000000   1
1.000000   4
1.000000   1
0.999894   0
1.000000   1
1.000000   7
1.000000   8
1.000000   7
1.000000   3
1.000000   3
1.000000   8
0.000000   2
0.000000   2
1.000000   7
1.000000   8
1.000000   8
0.000000   1
0.000000   1
1.000000   3
1.000000   8
0.000000   1
0.000000   1
0.630282   7
1.000000   7
1.000000   1
1.000000   1
1.000000   8
0.940822   7
1.000000   8
1.000000   7
1.000000   1
1.000000   1
1.000000   1
1.000000   6
1.000000   1
1.000000   3
1.000000   3
1.000000   3
0.789502   5
1.000000   1
1.000000   1
1.000000   3
1.000000   1
1.000000   1
1.000000   1
1.000000   3
0.777003   5
1.000000   5
1.000000   5
1.000000   2
0.605817   5
0.997716   7
1.000000   0
1.000000   7
0.000000   0
1.000000   7
1.000000   3
0.000000   0
1.000000   6
1.000000   6
1.000000   3
1.000000   3
1.000000   7
1.000000   0
1.000000   0
0.866894   0
1.000000   2
1.000000   2
1.000000   8
1.000000   2
1.000000   0
1.000000   0
1.000000   0
1.000000   6
1.000000   3
0.691320   3
1.000000   3
1.000000   0
1.000000   0
1.000000   3
1.000000   0
1.000000   0
1.000000   0
0.988548   8
1.000000   3
1.000000   6
1.000000   2
1.000000   3
1.000000   2
1.000000   6
0.920175   7
1.000000   1
1.000000   0
1.000000   6
1.000000   1
1.000000   1
1.000000   3
1.000000   7
1.000000   1
1.000000   6
1.000000   7
1.000000   0
0.973415   3
1.000000   0
1.000000   1
1.000000   3
1.000000   1
1.000000   1
0.893752   0
1.000000   0
1.000000   1
1.000000   0
1.000000   1
1.000000   1
0.984369   0
1.000000   2
1.000000   1
1.000000   0
1.000000   1
1.000000   0
1.000000   0
1.000000   1
1.000000   0
1.000000   7
1.000000   5
1.000000   0
1.000000   0
1.000000   1
1.000000   1
1.000000   2
1.000000   0
1.000000   3
1.000000   0
1.000000   0
1.000000   2
1.000000   1
1.000000   0
1.000000   2
1.000000   0
1.000000   3
1.000000   2
1.000000   0
1.000000   1
1.000000   0
1.000000   1
1.000000   0
1.000000   0
1.000000   0
1.000000   0
1.000000   8
1.000000   3
1.000000   3
1.000000   3
0.791007   3
1.000000   1
1.000000   1
1.000000   3
1.000000   3
1.000000   3
1.000000   3
1.000000   3
1.000000   4
0.556935   3
1.000000   4
1.000000   1
0.843280   4
1.000000   1
1.000000   2
1.000000   4
1.000000   3
1.000000   0
1.000000   0
1.000000   2
1.000000   3
1.000000   3
0.955124   4
1.000000   2
1.000000   3
1.000000   2
1.000000   0
1.000000   4
1.000000   3
1.000000   1
1.000000   0
1.000000   1
1.000000   1
1.000000   3
0.370300   3
0.910564   0
1.000000   1
1.000000   1
1.000000   3
0.615725   3
0.994551   1
1.000000   1
1.000000   0
1.000000   0
1.000000   0
1.000000   0
1.000000   0
1.000000   0
1.000000   1
1.000000   1
0.982654   3
0.734077   0
0.955124   1
0.993150   1
1.000000   1
1.000000   6
1.000000   3
1.000000   4
1.000000   0
1.000000   1
1.000000   0
1.000000   0
1.000000   3
1.000000   1
1.000000   1
1.000000   3
1.000000   0
1.000000   3
1.000000   3
1.000000   1
1.000000   0
1.000000   1
1.000000   0
1.000000   0
1.000000   1
1.000000   1
0.996291   1
1.000000   0
1.000000   3
1.000000   2
1.000000   1
1.000000   0
1.000000   2
1.000000   0
0.993269   5
1.000000   1
