1.000000 1
1.000000 3
1.000000 6
1.000000 6
1.000000 7
1.000000 5
1.000000 6
1.000000 7
1.000000 5
1.000000 6
-1.000000 7
1.000000 6
1.000000 4
1.000000 8
1.000000 7
-1.000000 4
1.000000 5
-1.000000 5
-1.000000 5
1.000000 8
1.000000 7
1.000000 5
1.000000 5
1.000000 5
1.000000 6
1.000000 6
1.000000 4
1.000000 5
0.597475 5
1.000000 8
-1.000000 6
-1.000000 7
-1.000000 5
-1.000000 5
-1.000000 6
1.000000 5
0.936009 3
1.000000 3
-1.000000 3
-1.000000 3
-0.145109 5
1.000000 8
-1.000000 3
1.000000 5
0.501372 8
-1.000000 3
1.000000 3
0.562253 3
1.000000 7
1.000000 7
-1.000000 4
1.000000 7
1.000000 6
1.000000 6
1.000000 7
1.000000 4
1.000000 3
1.000000 3
1.000000 3
1.000000 3
1.000000 3
1.000000 3
1.000000 3
1.000000 3
1.000000 3
0.710529 5
1.000000 5
-1.000000 4
1.000000 5
-1.000000 5
-1.000000 4
-1.000000 4
1.000000 3
1.000000 3
-1.000000 3
-1.000000 3
1.000000 3
-1.000000 3
1.000000 3
1.000000 3
1.000000 5
1.000000 5
-1.000000 4
1.000000 3
1.000000 3
1.000000 3
1.000000 3
1.000000 3
1.000000 3
1.000000 5
1.000000 3
0.961349 7
1.000000 5
1.000000 5
1.000000 2
1.000000 5
1.000000 6
1.000000 5
1.000000 6
1.000000 6
1.000000 8
-1.000000 6
1.000000 8
1.000000 7
1.000000 6
1.000000 4
1.000000 4
1.000000 5
1.000000 4
1.000000 5
1.000000 5
0.007491 8
-1.000000 2
-1.000000 2
1.000000 2
1.000000 2
1.000000 2
-1.000000 2
0.943817 5
1.000000 2
1.000000 2
-1.000000 2
1.000000 2
1.000000 2
1.000000 2
1.000000 2
1.000000 2
1.000000 2
1.000000 2
1.000000 2
1.000000 2
1.000000 2
1.000000 2
1.000000 2
1.000000 2
1.000000 2
1.000000 2
1.000000 2
1.000000 2
1.000000 3
1.000000 7
1.000000 6
1.000000 3
1.000000 3
1.000000 7
1.000000 6
1.000000 3
1.000000 5
1.000000 3
-1.000000 3
1.000000 3
1.000000 6
1.000000 2
1.000000 2
1.000000 7
-1.000000 2
1.000000 2
1.000000 2
1.000000 5
1.000000 2
1.000000 2
1.000000 3
1.000000 2
1.000000 3
1.000000 2
1.000000 2
1.000000 2
1.000000 2
1.000000 2
1.000000 2
1.000000 3
0.453411 3
1.000000 2
1.000000 4
1.000000 4
1.000000 4
1.000000 3
1.000000 3
1.000000 3
1.000000 4
1.000000 8
1.000000 4
1.000000 3
1.000000 3
1.000000 3
1.000000 7
1.000000 2
1.000000 2
1.000000 2
-1.000000 2
1.000000 2
1.000000 2
1.000000 2
1.000000 7
1.000000 2
1.000000 2
1.000000 2
1.000000 3
1.000000 3
1.000000 2
1.000000 2
1.000000 3
1.000000 3
1.000000 2
1.000000 2
1.000000 2
1.000000 3
1.000000 3
1.000000 5
1.000000 2
1.000000 5
1.000000 2
1.000000 3
1.000000 2
1.000000 2
1.000000 5
1.000000 2
1.000000 4
1.000000 2
1.000000 2
1.000000 2
1.000000 2
1.000000 7
0.994019 6
1.000000 5
1.000000 7
1.000000 7
1.000000 6
1.000000 5
1.000000 6
-1.000000 5
1.000000 6
-1.000000 7
-1.000000 6
-1.000000 6
1.000000 8
1.000000 7
-1.000000 4
1.000000 6
-1.000000 4
1.000000 6
0.530680 5
-1.000000 5
-1.000000 5
-1.000000 4
1.000000 7
1.000000 5
-1.000000 4
1.000000 6
-1.000000 5
1.000000 6
1.000000 5
1.000000 5
1.000000 7
-1.000000 6
1.000000 7
1.000000 8
1.000000 5
1.000000 7
-1.000000 5
0.652525 7
1.000000 8
-1.000000 3
1.000000 7
-1.000000 3
1.000000 7
-1.000000 3
1.000000 7
1.000000 5
-1.000000 3
-1.000000 3
-1.000000 3
0.440997 7
1.000000 7
1.000000 7
-1.000000 4
1.000000 7
1.000000 6
1.000000 4
1.000000 3
1.000000 3
1.000000 7
1.000000 3
0.814512 6
1.000000 3
1.000000 3
0.748049 7
1.000000 5
-1.000000 4
1.000000 5
-1.000000 5
-1.000000 4
-1.000000 4
1.000000 3
1.000000 3
1.000000 3
1.000000 3
1.000000 3
1.000000 3
1.000000 3
1.000000 5
1.000000 4
-1.000000 5
1.000000 4
1.000000 3
-1.000000 3
-1.000000 3
0.652525 4
1.000000 4
1.000000 4
1.000000 3
0.603648 7
0.451533 3
0.941371 6
0.353847 7
0.877517 3
1.000000 1
1.000000 8
-1.000000 1
1.000000 1
1.000000 1
1.000000 1
1.000000 5
1.000000 1
1.000000 1
1.000000 1
1.000000 1
1.000000 1
1.000000 1
1.000000 1
1.000000 1
1.000000 1
1.000000 1
1.000000 1
1.000000 1
1.000000 1
1.000000 8
1.000000 1
1.000000 1
1.000000 7
1.000000 1
1.000000 1
1.000000 1
1.000000 1
1.000000 1
-1.000000 1
1.000000 6
1.000000 1
1.000000 1
-1.000000 1
1.000000 1
1.000000 1
1.000000 1
1.000000 3
1.000000 1
1.000000 1
1.000000 1
1.000000 1
1.000000 1
1.000000 1
0.571313 1
1.000000 6
1.000000 6
1.000000 1
1.000000 1
1.000000 1
1.000000 1
-1.000000 1
1.000000 1
1.000000 1
1.000000 1
1.000000 1
1.000000 1
-1.000000 1
1.000000 1
1.000000 1
0.275222 3
1.000000 1
1.000000 1
1.000000 8
1.000000 1
1.000000 1
1.000000 1
1.000000 1
1.000000 1
1.000000 1
1.000000 1
1.000000 1
1.000000 1
1.000000 1
1.000000 1
0.259736 1
1.000000 3
1.000000 1
1.000000 1
1.000000 1
1.000000 1
1.000000 3
1.000000 5
1.000000 6
1.000000 8
1.000000 7
1.000000 8
1.000000 6
1.000000 7
1.000000 6
0.741445 8
-1.000000 2
-1.000000 2
0.655719 6
-1.000000 2
0.915330 7
1.000000 2
1.000000 2
1.000000 7
1.000000 7
1.000000 2
-1.000000 2
1.000000 6
1.000000 2
1.000000 2
1.000000 2
1.000000 2
1.000000 2
1.000000 2
1.000000 2
1.000000 2
1.000000 2
1.000000 7
1.000000 2
-1.000000 2
1.000000 5
1.000000 6
1.000000 4
1.000000 5
1.000000 6
1.000000 5
1.000000 4
1.000000 7
1.000000 6
1.000000 1
1.000000 8
1.000000 1
1.000000 8
1.000000 7
1.000000 6
0.684564 7
-1.000000 1
-1.000000 1
1.000000 6
1.000000 1
1.000000 6
1.000000 6
1.000000 1
1.000000 1
1.000000 1
1.000000 1
1.000000 1
1.000000 1
1.000000 1
1.000000 1
1.000000 1
1.000000 1
-1.000000 1
1.000000 5
1.000000 1
1.000000 4
1.000000 1
1.000000 1
1.000000 1
1.000000 1
1.000000 1
1.000000 1
1.000000 1
1.000000 1
1.000000 1
1.000000 4
1.000000 5
1.000000 5
1.000000 1
1.000000 1
1.000000 1
1.000000 8
1.000000 1
1.000000 2
1.000000 1
1.000000 1
1.000000 1
1.000000 1
0.735634 2
1.000000 1
1.000000 5
1.000000 1
0.694673 1
-1.000000 1
-1.000000 1
1.000000 1
1.000000 1
1.000000 6
1.000000 1
1.000000 1
1.000000 1
1.000000 1
1.000000 7
1.000000 6
1.000000 5
0.271988 2
0.975468 1
1.000000 1
1.000000 1
1.000000 2
0.896418 5
1.000000 5
1.000000 1
1.000000 1
1.000000 1
1.000000 2
1.000000 6
1.000000 6
1.000000 8
1.000000 7
1.000000 2
1.000000 6
1.000000 7
1.000000 2
-1.000000 2
0.824339 6
-1.000000 2
1.000000 7
1.000000 5
-1.000000 2
1.000000 5
-1.000000 2
1.000000 5
1.000000 3
1.000000 3
1.000000 3
1.000000 8
1.000000 7
1.000000 2
1.000000 2
1.000000 8
1.000000 2
1.000000 2
1.000000 5
1.000000 5
1.000000 3
1.000000 7
1.000000 6
1.000000 6
1.000000 6
1.000000 8
1.000000 7
1.000000 6
1.000000 1
1.000000 8
-1.000000 1
1.000000 1
1.000000 8
-1.000000 1
0.134545 7
1.000000 5
-1.000000 1
1.000000 5
-1.000000 1
1.000000 5
1.000000 3
1.000000 3
1.000000 3
1.000000 3
1.000000 5
-1.000000 1
1.000000 3
1.000000 3
1.000000 8
1.000000 6
1.000000 5
1.000000 3
1.000000 5
1.000000 5
1.000000 2
1.000000 1
-1.000000 1
1.000000 2
-1.000000 1
-1.000000 1
-1.000000 1
0.948117 5
0.715908 7
0.300634 8
1.000000 5
1.000000 2
1.000000 1
0.970780 8
1.000000 3
1.000000 3
1.000000 8
0.156611 3
1.000000 2
0.917900 1
1.000000 5
1.000000 1
1.000000 2
0.446774 2
1.000000 1
0.985321 8
0.937482 1
0.280397 1
0.989070 3
1.000000 3
1.000000 4
1.000000 2
1.000000 2
-1.000000 2
1.000000 4
1.000000 3
1.000000 3
1.000000 2
1.000000 2
-1.000000 2
1.000000 2
1.000000 3
1.000000 8
1.000000 2
1.000000 4
1.000000 3
1.000000 7
1.000000 6
1.000000 3
1.000000 4
1.000000 1
1.000000 1
-1.000000 1
1.000000 4
1.000000 3
1.000000 3
1.000000 3
1.000000 3
1.000000 1
1.000000 1
1.000000 3
1.000000 1
1.000000 1
1.000000 1
1.000000 3
1.000000 1
1.000000 1
1.000000 1
1.000000 1
-1.000000 1
0.948117 4
1.000000 2
1.000000 1
1.000000 1
0.288813 7
1.000000 4
1.000000 2
1.000000 1
1.000000 1
1.000000 1
1.000000 3
1.000000 1
1.000000 1
1.000000 1
1.000000 3
1.000000 2
1.000000 2
1.000000 4
1.000000 5
1.000000 3
1.000000 3
1.000000 3
-0.093813 5
1.000000 3
1.000000 3
1.000000 4
1.000000 3
1.000000 5
1.000000 1
1.000000 3
1.000000 1
0.195217 4
0.908811 3
0.546967 4
1.000000 3
0.989780 5
1.000000 1
0.510640 2
1.000000 1
0.356137 2
0.159752 2
0.355447 5
1.000000 1
1.000000 3
1.000000 2
1.000000 2
1.000000 2
1.000000 1
1.000000 2
1.000000 1
1.000000 3
1.000000 3
1.000000 4
0.871593 3
1.000000 4
1.000000 5
1.000000 4
1.000000 5
1.000000 1
1.000000 3
1.000000 1
1.000000 2
1.000000 1
1.000000 2
1.000000 1
1.000000 1
1.000000 1
1.000000 3
1.000000 1
1.000000 2
1.000000 1
1.000000 4
1.000000 3
1.000000 4
0.974561 2
1.000000 7
1.000000 5
1.000000 5
1.000000 3
0.994379 7
1.000000 5
1.000000 7
1.000000 8
1.000000 5
1.000000 7
1.000000 7
1.000000 7
-1.000000 6
1.000000 4
1.000000 7
-1.000000 4
1.000000 5
-1.000000 5
1.000000 7
1.000000 8
1.000000 7
1.000000 4
1.000000 5
0.928407 8
-1.000000 5
-1.000000 4
1.000000 7
0.597270 6
-1.000000 7
-1.000000 6
-1.000000 6
1.000000 7
-1.000000 5
1.000000 7
1.000000 6
-1.000000 5
1.000000 6
1.000000 7
-1.000000 3
1.000000 3
0.584604 7
-1.000000 3
-1.000000 3
1.000000 3
-1.000000 3
-1.000000 3
-1.000000 3
1.000000 7
1.000000 8
1.000000 8
1.000000 8
-1.000000 4
1.000000 8
1.000000 8
-1.000000 4
1.000000 6
1.000000 7
1.000000 6
1.000000 3
-1.000000 3
1.000000 3
1.000000 3
1.000000 3
1.000000 3
1.000000 8
-1.000000 3
0.147787 3
0.893326 8
-1.000000 5
1.000000 4
1.000000 4
1.000000 5
-1.000000 4
1.000000 5
0.652152 5
-1.000000 3
-1.000000 3
-1.000000 3
0.965058 7
-1.000000 3
0.804096 5
0.562741 7
0.978972 8
1.000000 5
-1.000000 4
1.000000 5
1.000000 3
1.000000 3
1.000000 3
1.000000 3
1.000000 3
1.000000 3
1.000000 5
1.000000 3
0.962910 3
1.000000 3
1.000000 5
1.000000 8
1.000000 7
-1.000000 7
1.000000 6
1.000000 5
1.000000 8
1.000000 6
1.000000 7
1.000000 6
-1.000000 7
-1.000000 6
-1.000000 6
1.000000 8
1.000000 7
1.000000 8
1.000000 6
1.000000 7
1.000000 6
0.486399 7
1.000000 5
1.000000 5
1.000000 4
1.000000 4
-1.000000 4
-1.000000 4
1.000000 5
1.000000 5
1.000000 4
1.000000 5
1.000000 5
0.456856 7
-1.000000 2
1.000000 7
-1.000000 2
1.000000 6
0.010476 2
1.000000 2
1.000000 2
-1.000000 2
0.053683 5
1.000000 2
-1.000000 2
0.863518 6
1.000000 6
1.000000 2
1.000000 8
-1.000000 2
1.000000 7
0.229885 7
-1.000000 2
-1.000000 2
1.000000 2
1.000000 2
1.000000 2
1.000000 2
1.000000 2
1.000000 2
1.000000 2
1.000000 2
1.000000 8
1.000000 2
1.000000 2
1.000000 2
1.000000 2
1.000000 2
1.000000 8
1.000000 6
1.000000 5
1.000000 2
1.000000 7
1.000000 6
1.000000 2
1.000000 7
1.000000 8
-1.000000 6
1.000000 7
1.000000 8
1.000000 6
1.000000 3
1.000000 3
1.000000 5
1.000000 3
-1.000000 3
1.000000 6
1.000000 8
1.000000 8
-1.000000 2
1.000000 2
1.000000 2
1.000000 2
1.000000 5
1.000000 5
1.000000 3
1.000000 3
1.000000 3
1.000000 2
1.000000 2
1.000000 2
1.000000 2
1.000000 2
1.000000 3
0.934656 6
1.000000 2
1.000000 2
1.000000 7
1.000000 3
1.000000 4
1.000000 4
1.000000 3
1.000000 3
-1.000000 3
1.000000 3
1.000000 3
1.000000 4
1.000000 3
-1.000000 3
0.926267 6
1.000000 2
1.000000 2
1.000000 2
1.000000 4
1.000000 2
1.000000 2
1.000000 2
1.000000 4
1.000000 3
1.000000 3
0.528989 2
-1.000000 2
1.000000 7
0.538713 2
1.000000 7
1.000000 8
1.000000 4
1.000000 7
1.000000 2
1.000000 3
1.000000 3
1.000000 3
1.000000 2
1.000000 2
1.000000 2
1.000000 2
1.000000 2
1.000000 2
1.000000 3
1.000000 3
1.000000 5
1.000000 3
1.000000 2
1.000000 2
1.000000 2
0.350870 2
1.000000 3
1.000000 5
0.953232 8
1.000000 8
-1.000000 0
1.000000 7
-1.000000 0
1.000000 5
1.000000 0
1.000000 0
1.000000 5
-1.000000 0
0.332799 5
1.000000 0
1.000000 5
1.000000 6
1.000000 0
-1.000000 0
1.000000 6
1.000000 4
1.000000 4
1.000000 0
1.000000 0
1.000000 0
1.000000 0
1.000000 0
1.000000 0
1.000000 0
1.000000 0
1.000000 0
1.000000 0
1.000000 0
1.000000 0
1.000000 0
1.000000 0
1.000000 4
1.000000 5
1.000000 0
1.000000 0
1.000000 7
0.378371 0
1.000000 0
1.000000 6
1.000000 7
-1.000000 0
1.000000 6
1.000000 0
1.000000 0
1.000000 0
1.000000 5
1.000000 7
1.000000 3
1.000000 3
1.000000 6
1.000000 3
1.000000 0
1.000000 0
1.000000 0
1.000000 0
0.763613 5
1.000000 3
1.000000 0
1.000000 0
1.000000 6
1.000000 0
1.000000 0
1.000000 0
-1.000000 0
1.000000 0
1.000000 8
1.000000 0
-1.000000 0
0.366758 6
0.452123 8
-1.000000 0
-1.000000 0
0.528989 0
0.785845 0
1.000000 8
1.000000 7
1.000000 8
1.000000 6
1.000000 0
1.000000 3
1.000000 5
1.000000 0
1.000000 0
1.000000 0
1.000000 0
1.000000 0
1.000000 0
1.000000 5
0.359775 3
1.000000 3
1.000000 0
1.000000 0
1.000000 0
1.000000 5
1.000000 5
1.000000 6
1.000000 6
1.000000 8
1.000000 0
1.000000 7
1.000000 6
1.000000 7
1.000000 0
-1.000000 0
0.346363 8
-1.000000 0
1.000000 7
1.000000 0
1.000000 7
1.000000 0
1.000000 0
1.000000 0
1.000000 0
1.000000 8
-1.000000 0
1.000000 7
1.000000 5
-1.000000 0
1.000000 5
-1.000000 0
1.000000 4
1.000000 4
1.000000 8
1.000000 7
1.000000 0
1.000000 0
1.000000 0
1.000000 0
1.000000 0
1.000000 0
1.000000 0
1.000000 4
1.000000 0
1.000000 6
1.000000 0
1.000000 0
1.000000 0
1.000000 0
1.000000 2
1.000000 2
1.000000 5
0.556051 0
1.000000 0
1.000000 8
1.000000 2
1.000000 0
1.000000 7
1.000000 6
1.000000 0
1.000000 0
-1.000000 0
0.909492 6
-1.000000 0
1.000000 7
1.000000 8
1.000000 7
1.000000 4
1.000000 4
1.000000 0
1.000000 2
1.000000 7
0.444957 0
1.000000 0
1.000000 0
1.000000 2
1.000000 0
1.000000 0
1.000000 2
0.964730 0
1.000000 2
0.445638 2
1.000000 5
1.000000 7
1.000000 6
1.000000 8
1.000000 7
1.000000 8
1.000000 6
1.000000 7
1.000000 6
0.789504 7
-1.000000 0
-1.000000 0
0.458497 6
-1.000000 0
0.607325 6
1.000000 5
1.000000 0
1.000000 0
-1.000000 0
1.000000 5
1.000000 3
1.000000 3
1.000000 8
1.000000 7
1.000000 5
-1.000000 0
1.000000 5
1.000000 0
1.000000 3
1.000000 3
1.000000 0
1.000000 5
1.000000 3
1.000000 7
1.000000 6
0.972738 7
1.000000 2
1.000000 2
-1.000000 0
0.332799 2
-1.000000 0
1.000000 2
0.367061 7
1.000000 0
-1.000000 0
0.199870 8
1.000000 7
0.456856 0
1.000000 2
1.000000 2
1.000000 5
0.953232 2
1.000000 7
0.199870 6
0.995473 3
0.909492 3
1.000000 7
1.000000 3
1.000000 0
1.000000 7
0.789885 3
0.957325 5
0.999692 2
1.000000 2
0.431294 0
-1.000000 0
0.704812 5
0.277259 2
-1.000000 0
0.979373 0
1.000000 8
1.000000 4
-1.000000 0
1.000000 4
1.000000 0
1.000000 0
1.000000 3
1.000000 3
1.000000 8
1.000000 7
1.000000 4
1.000000 0
1.000000 0
1.000000 0
1.000000 0
1.000000 3
1.000000 0
1.000000 0
1.000000 0
1.000000 6
1.000000 2
1.000000 0
1.000000 2
1.000000 0
1.000000 2
0.938272 8
1.000000 0
1.000000 4
1.000000 2
1.000000 0
1.000000 7
1.000000 6
1.000000 0
1.000000 2
1.000000 3
1.000000 2
1.000000 0
1.000000 2
1.000000 2
0.806493 0
1.000000 0
1.000000 2
1.000000 2
1.000000 3
1.000000 4
0.318554 3
1.000000 4
1.000000 3
1.000000 5
1.000000 5
0.742392 3
1.000000 3
1.000000 7
1.000000 2
1.000000 0
1.000000 0
1.000000 0
0.483501 0
1.000000 0
1.000000 2
1.000000 2
1.000000 2
1.000000 2
1.000000 2
1.000000 0
1.000000 2
1.000000 8
1.000000 2
1.000000 3
1.000000 5
1.000000 0
1.000000 3
1.000000 3
1.000000 2
1.000000 0
1.000000 2
1.000000 0
0.997442 0
1.000000 0
1.000000 3
1.000000 0
1.000000 0
1.000000 3
1.000000 2
1.000000 5
1.000000 0
1.000000 3
1.000000 3
1.000000 0
1.000000 6
1.000000 3
1.000000 8
1.000000 5
1.000000 8
1.000000 7
1.000000 8
1.000000 7
1.000000 5
1.000000 5
1.000000 6
-1.000000 7
1.000000 6
1.000000 4
1.000000 8
1.000000 7
1.000000 6
1.000000 5
1.000000 5
1.000000 5
1.000000 4
1.000000 4
1.000000 5
1.000000 5
1.000000 4
1.000000 5
1.000000 4
1.000000 4
1.000000 4
1.000000 6
1.000000 1
-1.000000 1
0.695491 5
1.000000 1
1.000000 1
-1.000000 1
1.000000 1
1.000000 1
1.000000 1
1.000000 1
1.000000 1
1.000000 8
-1.000000 1
1.000000 1
1.000000 1
1.000000 1
1.000000 1
1.000000 1
1.000000 8
-1.000000 1
1.000000 1
1.000000 1
1.000000 1
1.000000 1
1.000000 1
1.000000 1
1.000000 1
1.000000 4
1.000000 1
1.000000 1
1.000000 1
1.000000 1
1.000000 6
1.000000 5
1.000000 1
1.000000 1
1.000000 1
1.000000 1
1.000000 3
1.000000 8
1.000000 8
1.000000 3
1.000000 3
1.000000 5
1.000000 3
-1.000000 3
1.000000 5
1.000000 1
1.000000 1
1.000000 1
1.000000 1
1.000000 5
1.000000 1
-1.000000 1
1.000000 1
1.000000 1
1.000000 1
1.000000 8
0.882791 7
1.000000 1
1.000000 1
1.000000 1
1.000000 1
1.000000 3
1.000000 7
1.000000 4
1.000000 3
1.000000 3
1.000000 3
1.000000 4
1.000000 1
1.000000 1
1.000000 1
1.000000 3
1.000000 1
1.000000 1
1.000000 1
1.000000 1
1.000000 1
1.000000 7
1.000000 3
1.000000 3
1.000000 1
1.000000 1
1.000000 1
1.000000 1
1.000000 1
1.000000 1
1.000000 1
1.000000 1
1.000000 1
1.000000 3
1.000000 1
1.000000 1
1.000000 1
0.920018 4
1.000000 1
1.000000 0
0.453638 0
1.000000 0
-1.000000 0
-1.000000 0
1.000000 5
1.000000 0
1.000000 0
1.000000 5
1.000000 0
1.000000 0
1.000000 0
1.000000 0
1.000000 0
-1.000000 0
1.000000 7
1.000000 0
1.000000 0
1.000000 0
1.000000 0
1.000000 0
1.000000 8
-1.000000 0
1.000000 0
1.000000 0
1.000000 0
1.000000 0
1.000000 0
1.000000 0
1.000000 0
1.000000 7
1.000000 0
1.000000 0
1.000000 0
1.000000 0
1.000000 5
1.000000 5
1.000000 0
1.000000 0
1.000000 0
1.000000 5
1.000000 0
-1.000000 0
1.000000 0
1.000000 0
1.000000 0
1.000000 5
1.000000 5
1.000000 0
1.000000 3
1.000000 0
1.000000 0
1.000000 0
0.334496 3
1.000000 3
1.000000 0
1.000000 0
1.000000 0
1.000000 0
1.000000 3
1.000000 7
1.000000 0
1.000000 0
1.000000 0
0.132611 0
-1.000000 0
1.000000 0
1.000000 0
1.000000 0
1.000000 0
1.000000 0
1.000000 0
1.000000 0
1.000000 0
1.000000 0
1.000000 0
1.000000 0
1.000000 0
1.000000 0
1.000000 3
1.000000 0
1.000000 0
1.000000 0
1.000000 0
1.000000 4
1.000000 0
1.000000 5
1.000000 6
1.000000 1
1.000000 0
0.693694 1
-1.000000 0
1.000000 5
1.000000 1
1.000000 0
1.000000 1
1.000000 0
1.000000 0
1.000000 0
1.000000 7
-1.000000 0
1.000000 1
1.000000 4
1.000000 4
1.000000 0
0.635251 0
1.000000 0
0.220480 1
1.000000 0
1.000000 0
1.000000 0
1.000000 1
1.000000 1
1.000000 5
1.000000 1
1.000000 1
1.000000 1
1.000000 1
0.997313 5
1.000000 8
-1.000000 0
1.000000 1
1.000000 8
-1.000000 0
0.838411 0
1.000000 0
-1.000000 0
-0.022910 0
1.000000 0
0.695727 0
-1.000000 0
0.501513 5
1.000000 6
-1.000000 7
1.000000 5
1.000000 5
1.000000 0
1.000000 1
1.000000 3
0.222168 3
0.425369 6
0.945995 5
1.000000 1
0.648876 1
0.994586 3
0.770820 1
0.921233 1
0.512552 0
1.000000 1
1.000000 0
1.000000 1
0.251937 7
1.000000 1
1.000000 0
1.000000 8
1.000000 7
1.000000 1
1.000000 8
1.000000 1
1.000000 0
1.000000 4
1.000000 0
1.000000 1
1.000000 3
1.000000 1
1.000000 0
1.000000 0
1.000000 1
1.000000 0
1.000000 0
1.000000 3
0.840698 1
1.000000 7
1.000000 7
1.000000 1
1.000000 0
1.000000 0
1.000000 0
0.904400 1
1.000000 0
0.940077 3
1.000000 1
1.000000 3
-0.132373 0
1.000000 5
1.000000 1
0.425369 4
1.000000 3
1.000000 1
1.000000 6
1.000000 0
0.934494 0
1.000000 5
1.000000 0
1.000000 0
1.000000 0
1.000000 1
1.000000 0
1.000000 0
1.000000 0
1.000000 1
0.996452 1
1.000000 1
1.000000 1
1.000000 7
1.000000 6
1.000000 5
1.000000 8
1.000000 7
1.000000 5
1.000000 5
1.000000 8
-1.000000 2
-1.000000 2
1.000000 7
0.891670 8
-1.000000 1
-1.000000 1
-1.000000 1
-1.000000 1
1.000000 6
1.000000 6
1.000000 5
1.000000 6
1.000000 1
1.000000 1
1.000000 1
1.000000 6
1.000000 2
0.934611 2
1.000000 5
1.000000 2
1.000000 1
1.000000 1
1.000000 1
1.000000 1
1.000000 6
0.214446 8
-1.000000 2
-1.000000 2
-1.000000 2
-1.000000 2
1.000000 6
1.000000 6
1.000000 4
1.000000 6
0.884906 7
-1.000000 1
-1.000000 1
-1.000000 1
-1.000000 1
0.468491 8
-1.000000 1
-1.000000 1
0.478124 6
-1.000000 1
-1.000000 1
0.265756 1
1.000000 1
1.000000 6
1.000000 8
1.000000 4
1.000000 8
1.000000 6
1.000000 7
1.000000 6
0.930935 5
1.000000 5
1.000000 5
0.748975 4
0.795670 5
1.000000 5
1.000000 5
1.000000 4
1.000000 1
0.423944 1
-0.006886 5
1.000000 1
1.000000 4
1.000000 5
1.000000 1
1.000000 2
0.664864 2
1.000000 1
1.000000 0
1.000000 7
-1.000000 0
1.000000 7
1.000000 5
-1.000000 0
1.000000 6
1.000000 6
1.000000 5
1.000000 7
1.000000 0
1.000000 0
1.000000 0
0.768909 8
1.000000 2
1.000000 2
1.000000 2
1.000000 2
1.000000 0
1.000000 2
1.000000 0
1.000000 0
1.000000 8
1.000000 8
1.000000 8
-1.000000 0
-1.000000 0
1.000000 4
1.000000 8
-1.000000 0
-1.000000 0
0.956191 7
0.440872 2
1.000000 2
0.933908 6
1.000000 0
0.228458 6
1.000000 8
1.000000 0
1.000000 8
1.000000 6
1.000000 2
1.000000 2
1.000000 2
1.000000 4
1.000000 5
1.000000 5
1.000000 5
1.000000 4
1.000000 0
1.000000 5
1.000000 4
1.000000 0
1.000000 5
1.000000 0
1.000000 2
0.521094 5
1.000000 0
1.000000 1
0.439038 7
1.000000 1
1.000000 6
1.000000 0
1.000000 1
1.000000 1
1.000000 0
1.000000 1
1.000000 1
1.000000 7
1.000000 6
1.000000 6
1.000000 8
-1.000000 0
1.000000 1
0.277594 8
-1.000000 0
1.000000 8
1.000000 7
1.000000 8
1.000000 6
1.000000 1
1.000000 1
1.000000 4
1.000000 5
1.000000 5
1.000000 4
1.000000 1
1.000000 5
0.602056 1
1.000000 5
1.000000 5
1.000000 0
1.000000 5
1.000000 5
0.684921 6
0.933908 1
1.000000 0
0.379506 8
0.989052 0
1.000000 2
0.879921 1
1.000000 2
1.000000 0
1.000000 0
0.841035 5
1.000000 1
0.991702 1
1.000000 0
0.440636 0
0.975428 0
0.998079 1
1.000000 0
1.000000 1
1.000000 8
1.000000 1
1.000000 0
1.000000 0
1.000000 4
1.000000 2
1.000000 1
1.000000 2
1.000000 2
1.000000 1
1.000000 0
1.000000 0
1.000000 0
1.000000 2
1.000000 0
1.000000 0
1.000000 2
1.000000 2
1.000000 0
1.000000 0
1.000000 0
1.000000 0
1.000000 8
1.000000 1
1.000000 0
1.000000 1
1.000000 4
1.000000 1
0.999788 0
1.000000 1
1.000000 7
1.000000 8
1.000000 7
1.000000 3
1.000000 3
1.000000 8
-1.000000 2
-1.000000 2
1.000000 7
1.000000 8
1.000000 8
-1.000000 1
-1.000000 1
1.000000 3
1.000000 8
-1.000000 1
-1.000000 1
0.260563 7
1.000000 7
1.000000 1
1.000000 1
1.000000 8
0.881644 7
1.000000 8
1.000000 7
1.000000 1
1.000000 1
1.000000 1
1.000000 6
1.000000 1
1.000000 3
1.000000 3
1.000000 3
0.579004 5
1.000000 1
1.000000 1
1.000000 3
1.000000 1
1.000000 1
1.000000 1
1.000000 3
0.554005 5
1.000000 5
1.000000 5
1.000000 2
0.211634 5
0.995433 7
1.000000 0
1.000000 7
-1.000000 0
1.000000 7
1.000000 3
-1.000000 0
1.000000 6
1.000000 6
1.000000 3
1.000000 3
1.000000 7
1.000000 0
1.000000 0
0.733788 0
1.000000 2
1.000000 2
1.000000 8
1.000000 2
1.000000 0
1.000000 0
1.000000 0
1.000000 6
1.000000 3
0.382641 3
1.000000 3
1.000000 0
1.000000 0
1.000000 3
1.000000 0
1.000000 0
1.000000 0
0.977097 8
1.000000 3
1.000000 6
1.000000 2
1.000000 3
1.000000 2
1.000000 6
0.840350 7
1.000000 1
1.000000 0
1.000000 6
1.000000 1
1.000000 1
1.000000 3
1.000000 7
1.000000 1
1.000000 6
1.000000 7
1.000000 0
0.946831 3
1.000000 0
1.000000 1
1.000000 3
1.000000 1
1.000000 1
0.787504 0
1.000000 0
1.000000 1
1.000000 0
1.000000 1
1.000000 1
0.968738 0
1.000000 2
1.000000 1
1.000000 0
1.000000 1
1.000000 0
1.000000 0
1.000000 1
1.000000 0
1.000000 7
1.000000 5
1.000000 0
1.000000 0
1.000000 1
1.000000 1
1.000000 2
1.000000 0
1.000000 3
1.000000 0
1.000000 0
1.000000 2
1.000000 1
1.000000 0
1.000000 2
1.000000 0
1.000000 3
1.000000 2
1.000000 0
1.000000 1
1.000000 0
1.000000 1
1.000000 0
1.000000 0
1.000000 0
1.000000 0
1.000000 8
1.000000 3
1.000000 3
1.000000 3
0.582013 3
1.000000 1
1.000000 1
1.000000 3
1.000000 3
1.000000 3
1.000000 3
1.000000 3
1.000000 4
0.113870 3
1.000000 4
1.000000 1
0.686561 4
1.000000 1
1.000000 2
1.000000 4
1.000000 3
1.000000 0
1.000000 0
1.000000 2
1.000000 3
1.000000 3
0.910247 4
1.000000 2
1.000000 3
1.000000 2
1.000000 0
1.000000 4
1.000000 3
1.000000 1
1.000000 0
1.000000 1
1.000000 1
1.000000 3
-0.259401 3
0.821127 0
1.000000 1
1.000000 1
1.000000 3
0.231449 3
0.989102 1
1.000000 1
1.000000 0
1.000000 0
1.000000 0
1.000000 0
1.000000 0
1.000000 0
1.000000 1
1.000000 1
0.965307 3
0.468154 0
0.910247 1
0.986301 1
1.000000 1
1.000000 6
1.000000 3
1.000000 4
1.000000 0
1.000000 1
1.000000 0
1.000000 0
1.000000 3
1.000000 1
1.000000 1
1.000000 3
1.000000 0
1.000000 3
1.000000 3
1.000000 1
1.000000 0
1.000000 1
1.000000 0
1.000000 0
1.000000 1
1.000000 1
0.992581 1
1.000000 0
1.000000 3
1.000000 2
1.000000 1
1.000000 0
1.000000 2
1.000000 0
0.986539 5
1.000000 1
0.000000 0
0.000000 0
